"service_id","monday","tuesday","wednesday","thursday","friday","saturday","sunday","start_date","end_date"
1,1,1,0,1,1,1,1,20140220,20140415
2,1,0,1,1,1,1,1,20140220,20140414
3,1,1,1,1,1,1,1,20140416,20140506
4,1,1,0,1,1,1,1,20140508,20140527
5,1,1,1,1,1,1,1,20140528,20140624
6,1,1,0,1,1,1,1,20140626,20140729
7,1,1,1,1,1,1,1,20140730,20140826
8,0,0,0,1,1,1,1,20140828,20140831
9,0,0,1,0,0,0,0,20140924,20141001
10,1,1,1,1,1,1,1,20140415,20140505
11,1,0,1,1,1,1,1,20140507,20140526
12,1,1,1,1,1,1,1,20140527,20140623
13,1,0,1,1,1,1,1,20140625,20140728
14,1,1,1,1,1,1,1,20140729,20140825
15,0,0,1,1,1,1,1,20140827,20140831
16,0,1,0,0,0,0,0,20140923,20140930
17,1,1,1,1,1,1,1,20131010,20131224
18,1,1,1,1,1,1,1,20131010,20131223
19,1,0,0,1,1,1,0,20131010,20140111
20,0,1,0,0,1,1,1,20131011,20140112
21,1,1,1,1,1,1,1,20131101,20140113
22,1,0,0,1,1,1,1,20131101,20131223
23,1,0,0,1,1,1,1,20131101,20131223
24,1,1,1,1,1,1,1,20131101,20131230
25,0,1,0,0,0,0,0,20131224,20131231
26,0,0,1,0,0,0,0,20131225,20140101
27,1,1,0,1,1,1,1,20131226,20140107
28,1,1,1,1,1,1,1,20140108,20140731
29,1,0,1,1,1,1,1,20131225,20140106
30,1,1,1,1,1,1,1,20140107,20140731
31,0,0,0,0,1,0,0,20140117,20140516
32,0,0,0,0,1,0,1,20140518,20140727
33,0,0,0,0,0,1,0,20140118,20140517
34,1,0,0,0,0,1,0,20140519,20140728
35,1,0,0,0,1,1,1,20140117,20140414
36,1,1,1,1,1,1,1,20140415,20140505
37,1,0,0,0,1,1,1,20140509,20140526
38,1,1,1,1,1,1,1,20140527,20140623
39,1,0,0,0,1,1,1,20140627,20140728
40,1,0,1,1,1,1,1,20131225,20140106
41,1,0,0,1,1,1,1,20140109,20140414
42,1,1,1,1,1,1,1,20140415,20140505
43,1,0,0,1,1,1,1,20140508,20140519
44,1,1,1,1,1,1,1,20140520,20140731
45,1,1,0,1,1,1,1,20131224,20140106
46,1,0,0,1,1,1,1,20140109,20140414
47,1,1,1,1,1,1,1,20140415,20140505
48,1,0,0,1,1,1,1,20140508,20140519
49,1,1,1,1,1,1,1,20140520,20140731
50,1,1,1,1,1,1,1,20140101,20140112
51,0,0,0,1,1,1,1,20140116,20140413
52,1,1,1,1,1,1,1,20140414,20140504
53,0,0,0,1,1,1,1,20140508,20140525
54,1,1,1,1,1,1,1,20140526,20140622
55,0,0,0,1,1,1,1,20140626,20140731
56,1,1,1,1,1,1,1,20130328,20140930
57,1,0,0,1,1,1,1,20130328,20140929
58,1,1,1,1,1,1,1,20130328,20140930
59,1,1,1,1,1,1,1,20130328,20140930
60,1,0,0,1,1,1,1,20130328,20140929
61,1,1,1,1,1,1,1,20130328,20140930
62,1,1,1,1,0,1,1,20131001,20140417
63,1,0,0,1,0,1,1,20131003,20140414
64,1,1,1,1,0,1,1,20131001,20140531
65,1,0,0,1,0,1,1,20131003,20140414
66,0,0,0,0,1,0,0,20131004,20141128
67,0,0,0,0,1,0,0,20131004,20131129
68,1,1,1,1,0,1,1,20131001,20131205
69,0,0,0,0,1,0,0,20131004,20131227
70,0,0,0,0,1,0,0,20131004,20140530
71,1,1,1,1,0,1,1,20131001,20140531
72,0,0,0,0,1,0,0,20131004,20131129
73,0,0,0,0,1,0,0,20131004,20140530
74,0,1,1,0,0,0,0,20140603,20140827
75,0,0,0,0,1,1,0,20140606,20140830
76,0,0,0,0,1,1,0,20140606,20140830
77,1,0,0,0,0,0,0,20140602,20140825
78,0,1,1,1,0,0,1,20140601,20140622
79,0,0,0,0,0,0,1,20140601,20140831
80,0,0,0,0,1,1,0,20140606,20140830
81,1,1,1,1,0,0,1,20140601,20140623
82,0,1,1,0,0,0,0,20140603,20140827
83,1,1,1,1,0,0,0,20140602,20140623
84,0,1,1,0,0,0,0,20140603,20140827
85,0,0,0,0,1,1,0,20140606,20140830
86,0,0,0,0,1,1,0,20140606,20140830
87,0,1,1,1,0,0,1,20140601,20140622
88,1,1,1,1,0,0,0,20140602,20140623
89,0,0,0,0,0,0,1,20140601,20140831
90,0,0,0,0,1,1,0,20140606,20140830
91,1,1,1,1,0,0,1,20140601,20140623
92,0,1,1,0,0,0,0,20140603,20140827
93,1,0,0,0,0,0,0,20140602,20140825
94,1,1,1,1,1,1,1,20140418,20140508
95,1,1,1,1,0,1,1,20140510,20140531
96,1,1,1,1,0,1,1,20140415,20140505
97,1,0,0,1,0,1,1,20140508,20140526
98,0,1,1,1,0,1,0,20140527,20140531
99,1,1,1,1,0,1,1,20140415,20140505
100,1,0,0,1,0,1,1,20140508,20140526
101,0,1,1,1,0,1,0,20140527,20140531
102,1,0,0,1,1,1,1,20131130,20140605
103,1,0,0,1,0,1,1,20140607,20141201
104,1,1,1,1,1,1,1,20131206,20140116
105,1,1,1,1,0,1,1,20140118,20140531
106,1,1,0,1,1,0,0,20131230,20140103
107,0,0,0,0,1,0,0,20140110,20140530
108,0,0,0,1,0,0,0,20131205,20140109
109,0,0,0,0,1,0,0,20140117,20140530
110,0,0,0,1,0,0,1,20140626,20140831
111,1,0,0,1,0,0,1,20140626,20140707
112,1,1,1,1,0,0,1,20140708,20140825
113,0,0,0,1,0,0,1,20140828,20140831
114,1,0,0,1,0,0,0,20140626,20140828
115,0,0,0,1,0,0,1,20140626,20140831
116,1,0,0,1,0,0,0,20140626,20140828
117,1,0,0,1,0,0,1,20140626,20140707
118,1,1,1,1,0,0,1,20140708,20140825
119,0,0,0,1,0,0,1,20140828,20140831
120,1,1,1,0,0,1,0,20140602,20140830
121,0,0,0,0,1,0,1,20140525,20140727
122,0,0,0,1,1,0,1,20140601,20140831
123,0,0,0,1,1,0,1,20140601,20140608
124,1,1,1,0,0,1,0,20140531,20140830
125,0,0,0,1,0,0,0,20140529,20140724
126,0,0,0,1,1,0,1,20140601,20140831
127,0,0,0,1,1,0,1,20140601,20140608
128,1,0,0,1,1,0,1,20140609,20140615
129,0,0,1,1,1,0,1,20140618,20140622
130,0,0,0,1,1,0,1,20140626,20140831
131,1,0,0,1,1,0,1,20140609,20140615
132,0,0,1,1,1,0,1,20140618,20140622
133,0,0,0,1,1,0,1,20140626,20140831
134,1,1,1,1,1,1,1,20140606,20140831
135,1,1,1,1,1,1,1,20140606,20140831
136,0,0,0,0,1,0,1,20140608,20140627
137,0,0,0,1,0,1,0,20140607,20140626
138,1,0,0,0,1,1,1,20140628,20140831
139,0,0,0,1,1,1,1,20140627,20140831
140,1,1,1,1,1,1,1,20131201,20140113
141,1,1,1,1,0,0,0,20131202,20131223
142,1,1,1,1,1,1,1,20131004,20131201
143,1,1,1,1,1,1,1,20131130,20131224
144,1,1,1,1,0,0,0,20131202,20140109
145,1,1,1,1,1,1,1,20131003,20131130
146,0,0,0,0,1,1,1,20131201,20131222
147,1,1,1,1,1,1,1,20131130,20140112
148,1,1,1,1,0,0,0,20131202,20140109
149,0,0,0,0,1,1,1,20131201,20131222
150,1,1,1,1,1,1,1,20131201,20140113
151,1,1,1,1,0,0,0,20131202,20140109
152,0,0,0,0,1,1,1,20131201,20131222
153,1,1,1,1,0,1,0,20140113,20140830
154,0,0,0,0,1,0,1,20140117,20140831
155,1,1,1,1,0,1,0,20140113,20140830
156,0,0,0,0,1,0,1,20140117,20140831
157,1,1,1,1,0,1,0,20140113,20140830
158,0,0,0,0,1,0,1,20140117,20140831
159,1,1,1,1,0,1,0,20140113,20140830
160,0,0,0,0,1,0,1,20140117,20140831
161,1,0,1,1,0,0,0,20131225,20140106
162,0,1,1,1,0,0,0,20140107,20140109
163,0,0,0,0,1,1,1,20131206,20131222
164,0,0,1,1,1,1,1,20131225,20140101
165,0,0,0,0,1,1,1,20140103,20140112
166,1,1,0,1,1,1,1,20131226,20140107
167,0,0,1,1,1,1,1,20140108,20140112
168,0,0,1,1,1,1,1,20131225,20140101
169,0,0,0,0,1,1,1,20140103,20140112
170,0,0,1,1,1,1,1,20131225,20140101
171,0,0,0,0,1,1,1,20140103,20140112
172,0,0,1,1,1,1,1,20131225,20140101
173,0,0,0,0,1,1,1,20140103,20140112
174,1,1,1,1,1,1,1,20140601,20140831
175,0,0,0,0,1,1,1,20140502,20140608
176,0,0,0,1,0,0,0,20140508,20140828
177,0,0,0,0,1,1,1,20140502,20140615
178,1,0,0,0,0,0,0,20140505,20140825
179,1,1,1,1,1,1,1,20140601,20140831
180,1,0,0,0,1,1,1,20140609,20140615
181,0,0,0,0,1,1,1,20140620,20140831
182,0,0,0,1,1,1,1,20140619,20140622
183,0,0,0,0,1,1,1,20140627,20140831
184,1,1,0,0,1,1,1,20140404,20140831
185,1,0,0,1,1,1,1,20140404,20140831
186,0,0,1,1,0,0,0,20140403,20140828
187,0,1,1,0,0,0,0,20140408,20140827
188,1,1,1,1,1,1,1,20131017,20131223
189,1,1,1,1,1,1,1,20131017,20131027
190,1,1,1,1,1,1,1,20140113,20140531
191,1,1,1,1,1,1,1,20140113,20140531
192,1,1,1,1,1,1,1,20140601,20140831
193,1,1,1,1,1,1,1,20140601,20140831
194,1,0,0,1,1,1,1,20131226,20140106
195,0,1,1,1,1,1,1,20140107,20140112
196,1,1,1,1,1,1,1,20131029,20131104
197,1,0,1,1,1,1,1,20131106,20140112
198,1,0,0,1,0,0,1,20140323,20140526
199,0,0,0,0,1,1,0,20140321,20140830
200,0,0,0,1,0,0,1,20140323,20140831
201,0,0,0,0,1,0,0,20140321,20140829
202,0,0,0,0,0,0,1,20140323,20140831
203,1,0,0,0,1,1,0,20140321,20140830
204,1,0,0,1,0,0,1,20140323,20140526
205,0,0,0,0,1,0,0,20140321,20140829
206,1,0,1,1,0,0,1,20140528,20140602
207,1,1,1,1,0,0,1,20140605,20140616
208,1,0,1,1,0,0,1,20140618,20140623
209,1,0,0,1,0,0,1,20140626,20140707
210,1,1,1,1,0,0,1,20140708,20140831
211,0,1,1,0,0,0,0,20140902,20140910
212,1,0,1,1,0,0,1,20140528,20140602
213,1,1,1,1,0,0,1,20140605,20140616
214,1,0,1,1,0,0,1,20140618,20140623
215,1,0,0,1,0,0,1,20140626,20140707
216,1,1,1,1,0,0,1,20140708,20140831
217,0,1,1,0,0,0,0,20140902,20140910
218,1,1,1,1,1,1,1,20140601,20140831
219,1,1,1,1,1,1,1,20130328,20140930
220,1,1,1,1,1,1,1,20131010,20140531
221,1,1,1,1,1,1,1,20140601,20140831
222,1,1,1,1,1,1,1,20140601,20140831
223,1,1,1,1,1,1,1,20130328,20140531
224,1,1,1,1,1,1,1,20131010,20140531
225,1,1,1,1,1,1,1,20140601,20140831
226,1,1,1,1,1,1,1,20130328,20131230
227,1,1,1,1,1,1,1,20131010,20140531
228,1,1,1,1,1,1,1,20140601,20140831
229,1,1,1,1,1,1,1,20140601,20140831
230,1,1,1,1,1,1,1,20130328,20131224
231,1,1,1,1,1,1,1,20131010,20140831
232,1,1,1,1,1,1,1,20140601,20140831
233,1,1,1,1,1,1,1,20130328,20140531
234,1,1,1,1,1,1,1,20140601,20140831
235,1,1,1,1,1,1,1,20130910,20140531
236,1,1,1,1,1,1,1,20140601,20140831
237,1,1,1,1,1,1,1,20130328,20131230
238,1,1,1,1,1,1,1,20131010,20140531
239,1,1,1,1,1,1,1,20140601,20140831
240,1,1,1,1,1,1,1,20140101,20140831
241,1,1,1,1,1,1,1,20131226,20140531
242,1,1,1,1,1,1,1,20140101,20140531
243,1,0,0,0,1,0,0,20131220,20140602
244,1,1,1,1,1,1,1,20131216,20140202
245,1,1,1,1,1,1,1,20131217,20140203
246,1,1,1,1,1,1,1,20140603,20140623
247,1,1,1,1,1,1,1,20140604,20140624
248,1,1,1,0,1,1,1,20140603,20140720
249,0,0,0,1,0,0,0,20140605,20140717
250,1,0,0,0,0,0,0,20140609,20140714
251,0,1,1,1,1,1,1,20140603,20140720
252,1,1,1,1,1,1,1,20140603,20140623
253,1,1,1,1,1,1,1,20140603,20140624
254,0,0,0,1,0,1,0,20140612,20140703
255,0,0,0,0,1,0,1,20140613,20140629
256,0,0,0,1,1,1,1,20140206,20140720
257,1,0,0,0,1,1,1,20140207,20140720
258,1,0,1,1,1,1,1,20140625,20140831
259,1,1,0,1,1,1,1,20140626,20140831
260,1,0,1,1,1,1,1,20140625,20140831
261,1,1,0,1,1,1,1,20140626,20140831
262,0,0,0,1,1,1,1,20140704,20140720
263,0,0,0,1,1,1,1,20140703,20140720
264,1,1,1,1,1,1,1,20140113,20140831
265,1,1,1,1,1,1,1,20130501,20140112
266,1,0,0,1,1,1,1,20140113,20140414
267,1,1,1,1,1,1,1,20130501,20131202
268,1,1,1,1,1,1,1,20140113,20140831
269,1,1,1,1,1,1,1,20130501,20130905
270,1,1,1,1,1,1,1,20130910,20140112
271,1,0,0,1,1,1,1,20130113,20140414
272,1,1,1,1,1,1,1,20130501,20130904
273,1,0,0,1,1,1,1,20130905,20130909
274,1,0,0,1,1,1,1,20130905,20130909
275,1,0,0,1,1,1,1,20130905,20130909
276,1,0,0,1,1,1,1,20130905,20130909
277,1,1,1,1,1,1,1,20140415,20140505
278,1,0,0,1,1,1,1,20140508,20140831
279,1,0,1,1,1,1,1,20131204,20140112
280,0,0,1,1,0,0,0,20130911,20130926
281,1,1,1,1,1,1,1,20140415,20140505
282,1,0,0,1,1,1,1,20140508,20140831
283,1,1,1,1,1,1,1,20130910,20131202
284,1,0,1,1,1,1,1,20131204,20140112
285,1,1,1,1,1,1,1,20130823,20131224
286,1,1,1,1,1,1,1,20130823,20131230
287,1,1,1,1,1,1,1,20130823,20131224
288,1,1,1,1,1,1,1,20130823,20131230
289,1,1,1,1,1,1,1,20131226,20140113
290,1,0,0,0,1,1,1,20140117,20140303
291,1,1,1,1,1,1,1,20140304,20140310
292,1,0,0,0,1,1,1,20140314,20140414
293,1,1,1,1,1,1,1,20140415,20140505
294,1,0,0,0,1,1,1,20140509,20140526
295,1,1,1,1,1,1,1,20140527,20140623
296,1,0,0,0,1,1,1,20140627,20140707
297,1,1,1,1,1,1,1,20140708,20140831
298,0,1,1,1,0,0,0,20140902,20140911
299,1,1,1,1,1,1,1,20140101,20140117
300,1,1,1,1,1,0,1,20140119,20140418
301,1,1,1,1,1,1,1,20140419,20140509
302,1,1,1,1,1,0,1,20140511,20140530
303,1,1,1,1,1,1,1,20140531,20140627
304,1,1,1,1,1,0,1,20140629,20140711
305,1,1,1,1,1,1,1,20140712,20140831
306,0,0,0,0,0,1,0,20140906,20140913
307,1,1,1,1,1,1,1,20131226,20140831
308,1,1,1,1,1,1,1,20140101,20140112
309,0,0,0,1,1,0,1,20140116,20140302
310,1,1,1,1,1,0,1,20140303,20140309
311,0,0,0,1,1,0,1,20140313,20140413
312,1,1,1,1,1,1,1,20140414,20140504
313,0,0,0,1,1,0,1,20140508,20140523
314,1,1,1,1,1,1,1,20140524,20140622
315,0,0,0,1,1,0,1,20140626,20140706
316,1,1,1,1,1,1,1,20140707,20140903
317,1,1,1,0,0,1,0,20140906,20140913
318,1,1,1,1,1,1,1,20131010,20131130
319,1,1,1,1,1,1,1,20131114,20131130
320,1,1,1,1,1,1,1,20131115,20131130
321,1,1,1,1,1,1,1,20131010,20131130
322,1,1,1,1,1,1,1,20131201,20140113
323,1,1,1,1,1,1,1,20131201,20140117
324,1,1,1,1,1,1,1,20131201,20140831
325,1,1,1,1,1,1,1,20131201,20140112
326,0,0,0,1,0,0,1,20140626,20140831
327,0,0,0,1,1,1,1,20140626,20140831
328,0,0,0,0,0,1,1,20140628,20140831
329,1,0,0,0,1,1,1,20140117,20140303
330,1,1,1,1,1,1,1,20140304,20140310
331,1,0,0,0,1,1,1,20140314,20140421
332,1,1,1,1,1,1,1,20140422,20140505
333,1,0,0,0,1,1,1,20140509,20140526
334,1,1,1,1,1,1,1,20140527,20140623
335,1,0,0,0,1,1,1,20140627,20140831
336,1,1,1,1,1,0,1,20140119,20140411
337,1,1,1,1,1,1,1,20140412,20140509
338,1,1,1,1,1,0,1,20140511,20140530
339,1,1,1,1,1,1,1,20140531,20140801
340,1,1,1,1,1,0,1,20140803,20140831
341,0,0,0,1,1,0,1,20140116,20140302
342,1,1,1,1,1,0,1,20140303,20140309
343,0,0,0,1,1,0,1,20140313,20140420
344,1,1,1,1,1,1,1,20140421,20140504
345,0,0,0,1,1,0,1,20140508,20140525
346,1,1,1,1,1,1,1,20140526,20140622
347,0,0,0,1,1,0,1,20140626,20140831
348,1,1,1,1,1,1,1,20140601,20140623
349,0,0,0,0,0,0,1,20140601,20140601
350,1,1,1,1,1,1,1,20140601,20140831
351,0,0,0,0,1,0,1,20140601,20140606
352,1,1,1,1,1,1,1,20140601,20140623
353,0,0,0,0,1,0,1,20140601,20140606
354,1,1,1,1,1,1,1,20140601,20140831
355,1,1,1,1,1,1,1,20140601,20140831
356,0,0,0,0,0,0,1,20140601,20140601
357,1,1,1,1,1,1,1,20140601,20140623
358,0,0,0,0,1,0,1,20140601,20140606
359,1,1,1,1,1,1,1,20140601,20140831
360,0,0,0,0,1,0,1,20140601,20140606
361,1,1,1,1,1,1,1,20140601,20140623
362,1,0,0,1,1,1,1,20140626,20140831
363,1,0,0,0,1,0,1,20140609,20140615
364,0,0,0,0,0,0,1,20140622,20140629
365,1,0,0,0,1,0,1,20140609,20140615
366,0,0,0,0,1,0,1,20140620,20140629
367,1,0,0,1,1,1,1,20140626,20140831
368,1,0,0,0,1,0,0,20140609,20140613
369,0,0,0,0,1,0,1,20140620,20140629
370,0,0,0,0,0,0,1,20140706,20140706
371,1,0,0,0,1,0,1,20140609,20140615
372,0,0,0,0,1,0,1,20140620,20140629
373,1,0,0,1,1,1,1,20140626,20140831
374,1,0,0,0,1,0,1,20140609,20140615
375,0,0,0,0,1,0,1,20140620,20140629
376,0,0,0,0,0,0,1,20140706,20140706
377,1,0,0,0,0,0,0,20140609,20140609
378,0,0,0,0,0,0,1,20140622,20140629
379,1,0,0,1,1,1,1,20140626,20140831
380,0,0,0,0,1,1,0,20140228,20140614
381,1,1,1,1,0,0,0,20140227,20140619
382,0,0,0,0,1,1,1,20140228,20140615
383,0,0,0,1,0,0,0,20140227,20140612
384,0,0,0,0,1,1,1,20140228,20140615
385,0,0,0,0,0,0,1,20140302,20140615
386,1,1,1,0,0,0,0,20140303,20140611
387,0,0,0,1,0,0,0,20140306,20140612
388,0,0,0,0,1,1,0,20140228,20140614
389,1,1,1,1,0,0,0,20140227,20140612
390,0,0,0,0,1,1,1,20140228,20140615
391,1,1,1,1,1,1,1,20140227,20140615
392,1,1,1,1,1,1,1,20140616,20140831
393,1,1,1,1,1,1,1,20140616,20140831
394,1,1,1,1,1,1,1,20140617,20140831
395,1,1,1,1,1,1,1,20140620,20140831
396,0,0,0,0,1,1,1,20140712,20140810
397,0,0,0,0,1,1,1,20140712,20140810
398,1,1,1,1,1,1,0,20140313,20140503
399,0,0,0,0,0,0,1,20140316,20140831
400,1,1,1,1,1,1,0,20140313,20140830
401,0,0,0,0,0,0,1,20140316,20140831
402,1,1,1,1,1,1,0,20140313,20140503
403,0,0,0,0,0,0,1,20140316,20140831
404,1,1,1,1,1,1,0,20140313,20140830
405,0,0,0,0,0,0,1,20140316,20140831
406,1,1,1,1,1,1,1,20140504,20140510
407,1,1,1,1,1,1,0,20140512,20140830
408,1,1,1,1,1,1,1,20140504,20140510
409,1,1,1,1,1,1,0,20140512,20140830
410,1,0,0,1,1,1,1,20140113,20140414
411,1,1,1,1,1,1,1,20130122,20140112
412,1,0,0,1,1,1,1,20140113,20140316
413,1,1,1,1,1,1,1,20130228,20140121
414,1,1,1,1,1,1,1,20130122,20130331
415,1,1,1,1,1,1,1,20130228,20140112
416,0,1,1,0,0,0,0,20140610,20140618
417,1,1,1,1,1,1,1,20130122,20140112
418,1,0,0,1,1,1,1,20140113,20140414
419,1,0,0,1,1,1,1,20140113,20140316
420,1,0,0,1,1,1,1,20140317,20140414
421,1,1,1,1,1,1,1,20140415,20140505
422,1,0,0,1,1,1,1,20140508,20140609
423,1,1,1,1,1,1,1,20140610,20140623
424,1,0,0,1,1,1,1,20140626,20140831
425,0,1,1,0,0,0,0,20140610,20140618
426,1,0,0,1,1,1,1,20140317,20140414
427,1,1,1,1,1,1,1,20140415,20140505
428,1,0,0,1,1,1,1,20140508,20140609
429,1,1,1,1,1,1,1,20140610,20140623
430,1,0,0,1,1,1,1,20140626,20140831
431,0,0,0,0,1,1,1,20140411,20140413
432,0,1,1,0,0,0,0,20140610,20140618
433,0,1,1,0,0,0,0,20140610,20140618
434,1,1,1,1,1,1,1,20140415,20140505
435,1,0,0,1,1,1,1,20140508,20140831
436,1,1,1,1,1,1,1,20140415,20140505
437,1,0,0,1,1,1,1,20140508,20140831
438,1,1,1,1,1,1,1,20131031,20140831
439,1,1,1,1,1,1,1,20131031,20140831
440,1,1,1,1,1,1,1,20131031,20140831
441,1,1,1,1,1,1,1,20131031,20140831
442,1,1,1,1,1,1,1,20140114,20140331
443,1,1,1,1,1,1,1,20140113,20140331
444,1,1,1,1,1,1,1,20140601,20140831
445,1,1,1,1,1,1,1,20140401,20140531
446,1,1,1,1,1,0,0,20140602,20140829
447,1,1,1,1,1,0,0,20140401,20140530
448,0,0,0,0,0,1,1,20140601,20140831
449,0,0,0,0,0,1,1,20140405,20140531
450,1,0,0,1,1,1,1,20140601,20140831
451,1,0,0,1,1,1,1,20140601,20140831
452,1,1,1,1,1,0,0,20140414,20140829
453,0,0,0,0,0,1,1,20140419,20140831
454,1,1,1,1,1,0,0,20140414,20140829
455,0,0,0,0,0,1,1,20140419,20140831
456,1,0,0,1,1,1,1,20140403,20140526
457,1,1,0,0,1,1,1,20140401,20140527
458,1,1,1,1,1,1,1,20140527,20140602
459,1,1,1,1,1,1,1,20140605,20140616
460,1,0,0,1,1,1,1,20140619,20140831
461,1,1,1,1,1,1,1,20140528,20140603
462,1,1,1,1,1,1,1,20140606,20140617
463,1,1,0,0,1,1,1,20140620,20140831
464,1,1,1,1,1,1,1,20140601,20140831
465,1,1,1,1,1,1,1,20140601,20140831
466,1,1,1,1,1,1,1,20140601,20140831
467,1,1,1,1,1,1,1,20140601,20140831
468,1,1,1,1,1,1,1,20140601,20140831
469,1,1,1,1,1,1,1,20140601,20140831
470,1,0,0,1,1,1,1,20131025,20140112
471,1,0,0,1,1,1,1,20131024,20131202
472,1,1,1,1,1,1,1,20131024,20131203
473,1,0,1,1,1,1,1,20131024,20140112
474,1,0,0,1,1,1,1,20140113,20140414
475,1,1,0,0,1,1,1,20140113,20140415
476,0,0,1,0,0,0,0,20140115,20140827
477,1,1,0,0,1,1,1,20140113,20140415
478,1,0,1,1,1,1,1,20140113,20140414
479,1,0,1,1,1,1,1,20131204,20140112
480,1,1,0,1,1,1,1,20131205,20140112
481,1,1,1,1,1,1,1,20140415,20140505
482,1,0,0,1,1,1,1,20140508,20140526
483,1,1,1,1,1,1,1,20140527,20140602
484,1,1,1,1,1,1,1,20140605,20140623
485,1,0,0,1,1,1,1,20140626,20140707
486,1,1,1,1,1,1,1,20140708,20140831
487,1,1,1,1,1,1,1,20140416,20140506
488,1,1,0,0,1,1,1,20140509,20140527
489,1,1,1,1,1,1,1,20140528,20140603
490,1,1,1,1,1,1,1,20140606,20140624
491,1,1,0,0,1,1,1,20140627,20140831
492,1,1,1,1,1,1,1,20140416,20140506
493,1,1,0,0,1,1,1,20140509,20140527
494,1,1,1,1,1,1,1,20140528,20140603
495,1,1,1,1,1,1,1,20140606,20140624
496,1,1,0,0,1,1,1,20140627,20140831
497,1,1,1,1,1,1,1,20140415,20140505
498,1,0,1,1,1,1,1,20140507,20140526
499,1,1,1,1,1,1,1,20140527,20140602
500,1,1,1,1,1,1,1,20140604,20140623
501,1,0,1,1,1,1,1,20140625,20140707
502,1,1,1,1,1,1,1,20140708,20140831
503,1,1,1,1,1,1,1,20130122,20130401
504,1,1,1,1,1,0,1,20130122,20130419
505,0,0,0,0,1,1,1,20130125,20130414
506,1,1,1,1,1,1,1,20130122,20140731
507,1,1,1,1,1,1,1,20130122,20130401
508,0,0,0,0,1,1,1,20130125,20130414
509,1,0,0,0,1,1,1,20130405,20130415
510,1,1,1,1,1,1,1,20130416,20130422
511,1,0,0,0,1,1,1,20130426,20130916
512,1,0,0,1,1,1,1,20130919,20130923
513,1,0,0,0,1,1,1,20130927,20140728
514,1,1,1,1,1,1,1,20130420,20130426
515,1,1,1,1,1,0,1,20130428,20130923
516,1,0,0,0,1,0,1,20130927,20131007
517,1,1,1,1,1,0,1,20131008,20131201
518,0,0,0,0,1,0,1,20131206,20131229
519,0,0,0,0,0,0,1,20140105,20140302
520,0,0,0,0,1,0,1,20140307,20140413
521,0,0,0,1,1,0,1,20140417,20140420
522,0,0,0,0,1,0,1,20140425,20140727
523,1,1,1,1,1,1,1,20130415,20130421
524,0,0,0,0,1,1,1,20130426,20130922
525,0,1,1,1,1,1,1,20130924,20131006
526,0,0,0,0,1,1,1,20131011,20131201
527,1,1,1,1,1,1,1,20131202,20140104
528,1,1,1,1,1,1,0,20140106,20140301
529,1,1,1,1,1,1,1,20140302,20140731
530,1,0,0,0,1,0,1,20130405,20130415
531,1,1,1,1,1,1,1,20130416,20130422
532,1,0,0,0,1,0,1,20130426,20130916
533,1,0,0,1,1,0,1,20130919,20130923
534,1,0,0,0,1,0,1,20130927,20140728
535,1,1,1,1,1,1,1,20130415,20130421
536,0,0,0,0,1,1,1,20130426,20131229
537,0,0,0,0,0,1,1,20140104,20140302
538,0,0,0,0,1,1,1,20140307,20140413
539,0,0,0,1,1,1,1,20140417,20140420
540,0,0,0,0,1,1,1,20140425,20140727
541,1,1,1,1,1,1,1,20131101,20131231
542,1,1,1,1,1,1,1,20131101,20131231
543,1,1,1,1,1,1,1,20131101,20131231
544,1,1,1,1,1,1,1,20131101,20131231
545,1,1,1,1,1,1,1,20131101,20131231
546,1,1,1,1,1,1,1,20140110,20140630
547,1,1,1,1,1,1,1,20131101,20131231
548,1,1,1,1,1,1,1,20140110,20140630
549,1,1,1,1,1,1,1,20131101,20131231
550,1,1,1,1,1,1,1,20140110,20140630
551,1,1,1,1,1,1,1,20131101,20131231
552,1,1,1,1,1,1,1,20140110,20140630
553,1,1,1,1,1,1,1,20131101,20131231
554,1,1,1,1,1,1,1,20140110,20140630
555,1,1,1,1,1,1,1,20131101,20131231
556,1,1,1,1,1,1,1,20131101,20131231
557,1,1,1,1,1,1,1,20131101,20131231
558,1,1,1,1,1,1,1,20131101,20131231
559,1,1,1,1,1,1,1,20140110,20140630
560,1,1,1,1,1,1,1,20131101,20131231
561,1,1,1,1,1,1,1,20140110,20140630
562,1,1,1,1,1,1,1,20131101,20131231
563,1,1,1,1,1,1,1,20140110,20140630
564,1,1,1,1,1,1,1,20131101,20131231
565,1,1,1,1,1,1,1,20131101,20131231
566,1,1,1,1,1,1,1,20131101,20131231
567,1,1,1,1,1,1,1,20131101,20131231
568,1,1,1,1,1,1,1,20140110,20140630
569,1,1,1,1,1,1,1,20131101,20131231
570,1,1,1,1,1,1,1,20140110,20140630
571,1,1,1,1,1,1,1,20131101,20131231
572,1,1,1,1,1,1,1,20131101,20131231
573,1,1,1,1,1,1,1,20140110,20140630
574,1,1,1,1,1,1,1,20140110,20140630
575,1,1,1,1,1,1,1,20140110,20140630
576,1,1,1,1,1,1,1,20140110,20140630
577,1,1,1,1,1,1,1,20140301,20140331
578,1,1,1,1,1,1,1,20140110,20140630
579,1,1,1,1,1,1,1,20140110,20140630
580,1,1,1,1,1,1,1,20140110,20140630
581,1,1,1,1,1,1,1,20140110,20140630
582,1,1,1,1,1,1,1,20140110,20140630
583,1,1,1,1,1,1,1,20140110,20140630
584,1,1,0,1,0,0,1,20131027,20140330
585,0,0,1,0,1,1,0,20131030,20140329
586,1,1,1,1,1,1,1,20140330,20141025
587,1,1,1,1,1,1,1,20131027,20140330
588,1,1,1,1,1,1,1,20130122,20130330
589,1,1,1,1,1,1,1,20140330,20141025
590,1,1,1,1,1,1,1,20131027,20140330
591,1,1,1,1,1,1,1,20140330,20141025
592,1,1,1,1,1,1,1,20130122,20130330
593,0,1,0,0,0,0,0,20131224,20131224
594,1,1,1,1,1,1,1,20131027,20140330
595,0,0,0,0,0,0,1,20130127,20130324
596,1,1,1,1,1,1,1,20140330,20141025
597,1,1,1,1,1,1,1,20131027,20141025
598,1,1,1,1,1,1,1,20140330,20141025
599,1,1,1,1,1,1,1,20131027,20140303
600,1,1,1,1,1,1,1,20140330,20141025
601,1,1,1,1,1,1,1,20131027,20140330
602,1,1,1,1,1,1,1,20130122,20130330
603,1,1,1,1,1,1,1,20140330,20141025
604,1,1,1,1,1,1,1,20131027,20140330
605,1,1,1,1,1,1,1,20140330,20141025
606,1,1,1,1,1,1,1,20130122,20130330
607,1,1,1,1,1,1,1,20131027,20131209
608,1,1,1,1,1,1,1,20131210,20140330
609,1,1,1,1,1,1,1,20140330,20141025
610,1,1,1,1,1,1,1,20131027,20131223
611,1,1,1,1,1,1,1,20131225,20140330
612,1,1,1,1,1,1,1,20130331,20131026
613,1,1,1,1,1,1,1,20130122,20141025
614,1,1,1,1,1,1,1,20130331,20131026
615,1,1,0,0,0,0,0,20131028,20131126
616,0,0,0,0,0,0,1,20140330,20141019
617,1,0,0,1,1,1,1,20130331,20131026
618,1,0,0,0,1,0,0,20130125,20130329
619,0,0,0,0,0,0,1,20140330,20141019
620,1,1,1,1,1,0,1,20130331,20131027
621,0,1,0,0,0,0,0,20131029,20140325
622,0,0,0,0,0,1,0,20130406,20131026
623,0,1,1,1,1,1,0,20131029,20140329
624,1,1,1,1,1,1,1,20130122,20130405
625,0,0,0,0,0,1,0,20130406,20131026
626,0,0,0,0,0,1,0,20131102,20140329
627,0,0,1,0,1,0,0,20131030,20140328
628,1,1,1,1,1,1,1,20130122,20130330
629,1,1,1,1,1,1,1,20130304,20131026
630,1,0,0,0,0,0,0,20140331,20141020
631,0,0,0,0,0,0,1,20130127,20130324
632,0,0,0,0,1,0,1,20140330,20141024
633,1,1,1,1,1,1,0,20130122,20130402
634,0,1,0,0,0,1,0,20140401,20141025
635,0,0,1,0,0,0,1,20130331,20131027
636,1,0,0,0,0,0,0,20131028,20140324
637,0,1,0,1,0,0,0,20130402,20131024
638,1,0,1,0,1,1,0,20130401,20131026
639,1,0,0,0,1,1,0,20140331,20141025
640,0,0,0,0,0,1,0,20130126,20130330
641,1,1,0,0,1,0,0,20131028,20140328
642,1,1,1,0,1,0,1,20130122,20130403
643,0,0,0,0,0,1,0,20131102,20140329
644,0,1,0,1,0,0,1,20131027,20131222
645,0,0,0,0,0,1,0,20130126,20130330
646,0,1,0,0,0,0,1,20130122,20130326
647,0,0,1,1,1,0,0,20130123,20130329
648,1,1,0,0,0,0,0,20130401,20131022
649,0,0,1,0,1,0,0,20130403,20131025
650,1,1,0,0,1,0,0,20140331,20141024
651,0,1,0,0,1,0,0,20130122,20130329
652,1,0,0,1,0,0,0,20130124,20130328
653,0,0,0,0,0,1,0,20130406,20131026
654,0,0,0,0,0,0,1,20131027,20140330
655,1,0,0,0,0,0,1,20130331,20131021
656,0,1,0,1,0,0,0,20130402,20131024
657,0,0,1,0,1,0,0,20130403,20131025
658,1,0,0,0,0,0,0,20130401,20131021
659,0,0,0,0,0,0,1,20140330,20141019
660,1,1,1,1,1,1,0,20130122,20130330
661,0,0,0,0,0,0,1,20130127,20130331
662,0,1,0,0,0,0,0,20131224,20131224
663,0,1,0,0,0,0,0,20131224,20131224
664,0,1,0,0,0,0,0,20140401,20141021
665,0,0,0,1,0,0,0,20131128,20140327
666,1,1,0,0,0,0,0,20130122,20130326
667,0,0,0,0,0,0,1,20130127,20130324
668,0,0,0,1,0,0,0,20130124,20130328
669,0,0,1,0,1,1,0,20130123,20130330
670,1,1,0,1,1,1,0,20130401,20131026
671,0,0,0,0,1,0,0,20140404,20141024
672,0,0,1,0,0,0,0,20130403,20131023
673,1,0,0,1,0,1,1,20130124,20130330
674,0,1,0,0,1,0,0,20130122,20130329
675,0,0,1,0,0,0,0,20130123,20130327
676,0,0,0,1,0,0,0,20140403,20141023
677,1,1,1,1,1,1,1,20130122,20130330
678,1,0,0,0,0,0,1,20130331,20131021
679,1,0,0,0,0,0,0,20131028,20140324
680,1,0,1,0,0,0,0,20140331,20141022
681,1,1,1,1,1,1,1,20130122,20140330
682,1,0,1,0,0,0,0,20140331,20141022
683,0,1,1,1,1,1,1,20131027,20140330
684,1,1,1,1,1,1,1,20130331,20131026
685,0,1,1,0,0,1,1,20130122,20130330
686,1,0,0,0,1,0,0,20130125,20130329
687,0,0,0,0,0,0,1,20140330,20141019
688,0,0,0,0,1,0,0,20130405,20131025
689,1,1,0,1,0,1,1,20130331,20131026
690,0,0,1,0,0,0,0,20130403,20131023
691,1,0,1,1,1,0,1,20131027,20140330
692,0,0,1,0,1,0,1,20130123,20130331
693,1,0,1,0,1,0,0,20140331,20141024
694,0,0,0,1,0,0,0,20140403,20141023
695,1,0,0,0,0,0,0,20131028,20140324
696,1,0,0,1,1,0,0,20130124,20130329
697,0,1,1,0,0,1,0,20130122,20130330
698,0,0,0,0,0,0,1,20131027,20140330
699,1,1,0,0,0,0,0,20131028,20140325
700,0,0,0,0,0,0,1,20140330,20141019
701,0,0,0,0,0,1,0,20130126,20130330
702,0,1,0,0,0,0,0,20130122,20130326
703,1,0,0,0,0,0,0,20130128,20130325
704,0,0,0,0,1,0,1,20130125,20130329
705,0,0,1,0,0,0,0,20140402,20141022
706,0,1,1,1,0,1,1,20130122,20130331
707,1,0,0,0,0,0,0,20130128,20130325
708,0,1,1,1,0,0,1,20130122,20130328
709,1,0,0,0,1,0,0,20130125,20130329
710,0,0,0,0,0,1,0,20130126,20130330
711,1,1,1,1,1,1,1,20130331,20131026
712,0,0,0,0,0,0,1,20131027,20140330
713,1,0,0,0,0,0,0,20131028,20140324
714,1,1,1,1,1,1,1,20130331,20131026
715,0,0,0,0,0,1,0,20131102,20140329
716,0,1,1,1,1,1,0,20131029,20140329
717,0,1,0,1,0,0,0,20130122,20130328
718,1,0,1,0,1,0,1,20130123,20130329
719,0,0,0,0,0,1,0,20130126,20130330
720,1,1,0,1,1,1,1,20130331,20131026
721,1,1,1,1,1,1,1,20130122,20130330
722,0,0,0,0,0,0,1,20140330,20141019
723,1,0,1,1,1,1,1,20130331,20131026
724,0,1,1,1,1,1,1,20130122,20130330
725,0,0,0,0,1,0,0,20131101,20140328
726,1,1,0,0,0,0,0,20140331,20141021
727,1,0,0,1,0,0,0,20131028,20140327
728,0,1,0,0,1,0,0,20130122,20130329
729,1,0,0,1,0,0,0,20130124,20130328
730,0,0,1,0,1,0,1,20131027,20140330
731,0,1,0,0,0,0,0,20130402,20131022
732,0,0,0,0,1,1,1,20140330,20141025
733,1,1,1,1,1,1,1,20130331,20131026
734,0,1,0,0,0,0,0,20131029,20140325
735,1,1,1,1,1,1,1,20130331,20131026
736,0,1,0,1,0,0,1,20140330,20141023
737,1,0,0,0,0,0,0,20140331,20141020
738,0,0,1,0,1,1,0,20140402,20141025
739,0,0,0,0,0,1,0,20131102,20140329
740,0,0,0,0,0,0,1,20131027,20140330
741,1,1,1,1,1,1,1,20130331,20131026
742,0,0,0,0,0,0,1,20130127,20130324
743,0,0,1,0,0,0,0,20131127,20131225
744,1,1,1,1,1,1,0,20130122,20130330
745,0,1,0,0,0,0,0,20131224,20131224
746,0,0,0,0,0,0,1,20140330,20141019
747,1,1,1,0,0,0,0,20131127,20140401
748,1,1,0,0,1,1,0,20140404,20141025
749,0,0,1,1,1,0,0,20131030,20131122
750,0,0,0,1,1,0,0,20131128,20140328
751,1,0,1,1,1,0,0,20140331,20141024
752,1,0,0,0,0,1,0,20131028,20140329
753,0,1,0,0,0,0,0,20140401,20141021
754,0,0,1,0,0,0,1,20131030,20140330
755,0,0,0,0,0,1,0,20140405,20141025
756,0,0,0,0,0,0,1,20131027,20140330
757,0,1,1,1,0,1,1,20140330,20141025
758,1,1,1,1,1,0,1,20130407,20131025
759,1,0,0,0,0,0,0,20131028,20140331
760,1,0,0,0,1,0,0,20140404,20141024
761,0,0,0,0,0,1,0,20140405,20141025
762,0,1,0,1,1,0,0,20140401,20141024
763,0,0,0,0,0,0,1,20140330,20141019
764,1,0,0,0,0,0,1,20131027,20140330
765,0,1,1,1,0,0,0,20140401,20141023
766,1,1,0,1,1,1,0,20130404,20131026
767,0,0,1,1,0,0,0,20131030,20140327
768,0,1,0,0,1,1,1,20131029,20140330
769,1,0,0,1,1,0,0,20140331,20141024
770,0,0,1,1,0,0,0,20131030,20140327
771,0,0,1,0,0,0,1,20140330,20141022
772,0,1,0,0,0,0,0,20140401,20141021
773,0,0,0,0,0,0,1,20130331,20131027
774,0,0,1,0,0,0,1,20131030,20140330
775,1,1,1,1,1,1,1,20130404,20131026
776,0,0,0,0,0,1,0,20140405,20141025
777,0,0,0,0,0,0,1,20140330,20141019
778,0,1,0,1,0,0,1,20131226,20140401
779,0,1,0,0,0,0,0,20140408,20141021
780,0,0,1,1,0,0,0,20140402,20141023
781,0,0,0,0,0,1,1,20130330,20131026
782,0,0,0,1,0,0,0,20131031,20140327
783,0,0,0,0,0,0,1,20140330,20141019
784,1,0,0,0,1,0,0,20131028,20140328
785,0,0,0,0,0,1,0,20140405,20141025
786,0,0,1,1,0,0,0,20140402,20141023
787,0,0,1,0,0,0,0,20131030,20140326
788,0,1,0,0,1,0,0,20131029,20131220
789,0,1,0,0,1,0,0,20131227,20140328
790,0,0,0,0,1,0,0,20140404,20141024
791,1,0,0,0,0,1,1,20140330,20141025
792,0,1,0,1,0,0,0,20131029,20131126
793,0,1,0,0,0,0,0,20131203,20140325
794,0,1,1,1,1,1,1,20130331,20131027
795,1,1,1,1,0,0,1,20131028,20140331
796,1,0,0,0,0,1,0,20140405,20141025
797,1,1,1,1,1,1,1,20130401,20131026
798,0,0,1,0,1,1,0,20131030,20140329
799,1,1,1,1,1,1,1,20140330,20141025
800,0,0,1,0,0,0,0,20140402,20141022
801,0,0,0,0,0,0,1,20130331,20131020
802,1,0,1,0,1,1,0,20131028,20140329
803,0,0,0,0,1,1,0,20140404,20141025
804,0,0,0,0,0,0,1,20131027,20140330
805,0,0,0,1,0,0,0,20140403,20141023
806,0,1,1,1,1,0,0,20131029,20140328
807,1,0,0,0,0,1,0,20140331,20141025
808,0,0,0,0,0,0,1,20131027,20140330
809,0,1,0,0,0,0,1,20140401,20141021
810,0,0,1,1,0,0,0,20140402,20141023
811,0,0,0,0,0,1,1,20130331,20131026
812,1,0,0,0,0,1,0,20131028,20140329
813,0,1,0,1,0,0,0,20130402,20131024
814,0,0,0,0,0,1,0,20131102,20140329
815,1,0,0,0,0,0,1,20140330,20141020
816,0,0,1,0,1,0,0,20130403,20131025
817,1,1,1,1,1,0,1,20131027,20140330
818,1,1,1,0,0,1,0,20140331,20141025
819,0,1,0,1,1,1,1,20140330,20141025
820,0,1,0,1,1,1,1,20140401,20141025
821,0,0,0,0,0,1,0,20131102,20140329
822,0,1,1,0,0,0,0,20131029,20131126
823,0,1,0,0,0,0,0,20131203,20140325
824,1,1,1,1,1,1,1,20140330,20141025
825,1,1,1,1,1,1,1,20130401,20131026
826,0,0,0,0,0,1,1,20140330,20141025
827,0,1,0,0,0,0,0,20140401,20141021
828,0,1,1,1,0,0,0,20131029,20140327
829,1,1,1,1,1,1,1,20130331,20131026
830,0,0,0,0,1,1,0,20131101,20140329
831,1,0,0,0,0,0,0,20140331,20141020
832,0,1,0,1,1,1,0,20140401,20141025
833,1,1,1,1,1,0,1,20130331,20131025
834,0,0,1,1,0,0,0,20131030,20140327
835,1,1,1,1,1,0,0,20140331,20141024
836,1,0,0,0,1,0,1,20131027,20140330
837,0,0,0,0,0,1,1,20140405,20141025
838,0,1,0,1,0,0,0,20130402,20131029
839,0,1,1,1,0,0,0,20131030,20140327
840,1,0,1,0,1,1,1,20130401,20131027
841,0,0,0,0,0,1,1,20131102,20140330
842,0,1,0,0,1,1,0,20140401,20141025
843,0,0,0,0,0,0,1,20140330,20141019
844,1,0,0,0,1,0,0,20131028,20140328
845,0,1,1,0,0,1,0,20131029,20140329
846,1,1,0,1,1,0,0,20140331,20141024
847,0,0,0,0,0,1,0,20140405,20141025
848,0,0,0,0,1,0,0,20131101,20140328
849,1,0,1,0,0,0,0,20140331,20141022
850,0,1,0,1,1,0,1,20140330,20141024
851,0,1,0,1,0,0,0,20140401,20141023
852,1,0,1,0,0,1,1,20140330,20141025
853,1,1,1,1,1,1,1,20130331,20131028
854,1,0,0,0,0,1,1,20131102,20140330
855,0,0,1,1,0,0,0,20131030,20140327
856,1,0,0,1,1,1,0,20140331,20141025
857,0,1,0,0,0,0,0,20140401,20141021
858,0,1,0,0,1,0,0,20131029,20140328
859,0,0,0,0,0,0,1,20140330,20141019
860,1,0,1,0,0,0,1,20131027,20140330
861,0,0,0,0,1,1,0,20140404,20141025
862,0,0,0,1,0,1,0,20131031,20140329
863,0,1,1,1,0,0,0,20140401,20141023
864,0,0,1,0,0,0,0,20130403,20131023
865,0,1,0,0,0,0,1,20131027,20131222
866,0,1,0,0,0,0,1,20131229,20140330
867,0,0,0,0,0,0,1,20140330,20141019
868,0,1,0,0,0,0,0,20131029,20140325
869,0,0,0,0,1,1,0,20140404,20141025
870,1,0,1,1,0,0,0,20140331,20141023
871,0,1,0,0,0,0,0,20131029,20140325
872,1,0,0,1,1,0,0,20131028,20131230
873,1,0,1,1,1,0,0,20140101,20140106
874,1,0,0,1,1,0,0,20140109,20140328
875,0,0,1,0,0,0,0,20140108,20140326
876,1,1,1,1,1,1,1,20130502,20140630
877,1,1,1,1,1,1,0,20130502,20140630
878,1,1,1,1,1,1,0,20130502,20140630
879,1,1,1,1,1,1,1,20130502,20140630
880,1,1,1,1,1,1,1,20130502,20140630
881,1,1,1,1,1,1,1,20130502,20140630
882,1,1,1,1,1,1,1,20130502,20140630
883,1,1,1,1,1,1,1,20130502,20131225
884,0,0,1,1,0,0,0,20131226,20140101
885,1,1,1,1,1,1,0,20130502,20131225
886,1,1,1,1,1,1,0,20130502,20140630
887,1,1,1,1,1,1,1,20130502,20140630
888,1,1,1,1,1,1,0,20130502,20140630
889,1,1,1,1,1,1,1,20130502,20140630
890,1,1,1,1,1,1,1,20130502,20140630
891,1,1,1,1,1,1,1,20130502,20140630
892,0,0,1,1,0,0,0,20131226,20140101
893,1,1,1,1,1,1,1,20130502,20130831
894,1,1,0,1,1,1,1,20131227,20140107
895,1,1,1,1,1,1,1,20140108,20140630
896,1,1,0,1,1,1,0,20131227,20140107
897,1,1,1,1,1,1,0,20140108,20140630
898,1,1,1,1,1,1,0,20130902,20131207
899,1,1,1,1,1,1,1,20131208,20140630
900,0,0,0,0,1,1,1,20130614,20131201
901,0,0,0,0,0,1,1,20130615,20131201
902,0,0,0,0,1,1,1,20130614,20131201
903,0,0,0,0,1,1,1,20130614,20131201
904,0,0,0,0,1,1,1,20130614,20131201
905,0,0,0,0,0,1,1,20130615,20131201
906,0,0,0,0,1,1,1,20130614,20131201
907,0,0,0,0,1,1,1,20130614,20131201
908,1,1,1,1,1,1,1,20131202,20131225
909,0,0,0,0,1,1,1,20131206,20131222
910,0,0,0,0,1,1,1,20131206,20131222
911,1,1,1,1,1,1,1,20131202,20131223
912,0,0,0,1,1,1,1,20131205,20131229
913,0,0,0,0,1,1,1,20131206,20131229
914,1,1,1,1,1,1,1,20131202,20131225
915,0,0,0,0,1,1,1,20131206,20131222
916,0,0,0,0,1,1,1,20131206,20131222
917,1,1,1,1,1,1,1,20131202,20131223
918,0,0,0,0,1,1,1,20131227,20131229
919,0,0,0,0,1,1,1,20140110,20140629
920,0,1,0,0,1,1,1,20131224,20131229
921,0,0,0,0,1,1,1,20140110,20140629
922,0,0,0,1,1,1,1,20131226,20131229
923,0,0,0,0,1,1,1,20140103,20141228
924,0,0,1,1,1,1,1,20131225,20131229
925,0,0,0,0,1,1,1,20140110,20140629
926,0,0,0,1,1,1,0,20140109,20140628
927,0,0,0,0,1,1,1,20140110,20140629
928,0,0,0,0,1,1,1,20131227,20131229
929,0,0,0,0,1,1,1,20140110,20140629
930,0,1,0,0,1,1,1,20131224,20131229
931,0,0,0,0,1,1,1,20140110,20140629
932,0,0,0,1,1,1,1,20131226,20131229
933,0,0,0,0,1,1,1,20140110,20140629
934,0,0,1,1,1,1,1,20131225,20131229
935,0,0,0,0,1,1,1,20140110,20140629
936,1,1,1,1,1,1,1,20131205,20140731
937,1,1,1,1,1,1,1,20131205,20140731
938,1,0,0,1,0,1,0,20140403,20140414
939,0,0,0,0,1,0,1,20140404,20140831
940,0,0,1,1,0,1,0,20140402,20140410
941,0,0,0,1,1,0,1,20140404,20140411
942,0,0,0,1,1,1,1,20140516,20140831
943,0,0,0,1,1,1,1,20140516,20140831
944,1,1,1,1,0,1,0,20140415,20140505
945,1,0,0,1,0,1,0,20140508,20140526
946,1,1,1,1,0,1,0,20140527,20140830
947,1,1,1,1,0,1,0,20140414,20140503
948,0,0,1,1,0,1,0,20140507,20140524
949,1,1,1,1,0,1,0,20140526,20140830
950,0,0,0,0,1,1,1,20140412,20140418
951,0,0,0,0,1,0,1,20140420,20140831
952,1,1,1,1,1,1,1,20140414,20140504
953,1,0,0,0,0,0,0,20140505,20140825
954,1,0,0,0,1,1,1,20140405,20140414
955,0,0,0,1,0,0,0,20140508,20140828
956,1,1,1,1,1,1,1,20140414,20140831
957,1,1,1,1,1,1,1,20140414,20140831
958,0,0,0,1,1,1,1,20140508,20140525
959,1,1,1,1,1,1,1,20140526,20140615
960,0,0,0,1,1,1,1,20140619,20140831
961,1,1,1,1,1,1,1,20140415,20140505
962,1,0,0,0,1,1,1,20140509,20140526
963,1,1,1,1,1,1,1,20140527,20140616
964,1,0,0,0,1,1,1,20140620,20140831
965,1,1,1,1,1,1,1,20140301,20140731
966,1,1,1,1,1,1,1,20140103,20140731
967,1,1,1,1,1,1,1,20131108,20131224
968,1,1,1,1,1,1,1,20131108,20131223
969,0,0,0,1,0,0,0,20131107,20131107
970,1,1,1,1,1,1,1,20131226,20140114
971,1,1,0,0,1,0,1,20140117,20140415
972,1,1,1,1,1,1,1,20140416,20140506
973,1,1,0,0,1,1,1,20140509,20140527
974,1,1,1,1,1,1,1,20140528,20140624
975,1,1,0,1,1,1,1,20140626,20140708
976,1,1,1,1,1,1,1,20140709,20140831
977,0,0,1,1,0,0,0,20140903,20140911
978,1,1,1,1,1,1,1,20131225,20140113
979,1,0,0,1,1,0,1,20140116,20140414
980,1,1,1,1,1,1,1,20140415,20140505
981,1,0,0,1,1,1,1,20140508,20140526
982,1,1,1,1,1,1,1,20140527,20140624
983,1,1,0,1,1,1,1,20140626,20140708
984,1,1,1,1,1,1,1,20140709,20140831
985,0,1,1,0,0,0,0,20140902,20140910
986,1,0,0,0,0,0,0,20141013,20141013
987,1,1,1,1,0,1,0,20140315,20140531
988,0,0,0,0,1,0,1,20140314,20140530
989,1,1,1,1,0,1,0,20140313,20140531
990,0,0,0,0,1,0,1,20140314,20140530
991,1,1,1,1,1,1,1,20140601,20140831
992,1,1,1,1,1,1,1,20140601,20140831
993,1,0,0,1,1,1,1,20140529,20140831
994,1,0,0,1,1,1,1,20140529,20140831
995,1,1,0,0,1,1,1,20140512,20140527
996,1,0,0,1,1,1,1,20140512,20140526
997,1,1,1,1,1,1,1,20140528,20140831
998,1,1,1,1,1,1,1,20140527,20140831
999,1,1,0,0,1,1,1,20140502,20140831
1000,1,0,0,1,1,1,1,20140501,20140831
1001,1,1,1,1,1,1,1,20140207,20140831
1002,1,1,1,1,1,1,1,20140206,20140831
1003,1,1,1,1,1,1,1,20140516,20140606
1004,1,1,1,1,1,1,1,20140515,20140606
1005,1,1,1,1,1,1,1,20140607,20140731
1006,1,1,1,1,1,1,1,20140607,20140731
1007,1,0,0,1,1,1,1,20140410,20140707
1008,0,1,1,0,0,0,0,20140415,20140702
1009,1,0,0,1,1,1,1,20140410,20140526
1010,1,1,1,1,1,1,1,20140410,20140914
1011,1,0,0,1,1,1,1,20140410,20140526
1012,1,1,1,1,1,1,1,20140708,20140914
1013,1,1,1,1,1,1,1,20140528,20140623
1014,1,0,0,1,1,1,1,20140626,20140707
1015,1,1,1,1,1,1,1,20140708,20140914
1016,1,1,1,1,1,1,1,20140528,20140623
1017,1,0,0,1,1,1,1,20140626,20140707
1018,1,1,1,1,1,1,1,20140708,20140914
1019,1,1,0,1,1,1,1,20140417,20140427
1020,1,0,1,1,1,1,1,20140416,20140421
1021,0,0,0,1,1,1,1,20140501,20140601
1022,1,1,1,1,1,1,1,20140602,20140831
1023,0,0,0,1,1,1,1,20140424,20140601
1024,1,1,1,1,1,1,1,20140603,20140831
1025,1,0,1,1,1,1,1,20140423,20140831
1026,1,1,0,1,1,1,1,20140424,20140831
1027,1,1,1,1,1,1,1,20140412,20140831
1028,1,1,1,1,1,1,1,20140411,20140831
1029,1,1,1,1,1,1,1,20140613,20140831
1030,1,1,1,1,1,1,1,20140613,20140831
1031,1,1,1,1,1,1,1,20140605,20140831
1032,1,1,1,1,1,1,1,20140606,20140831
1033,1,1,1,1,1,1,1,20140612,20140831
1034,1,1,1,1,1,1,1,20140612,20140831
1035,1,1,1,1,1,1,1,20131115,20131215
1036,1,1,1,1,1,1,1,20131115,20131214
1037,1,1,1,1,1,1,1,20131215,20140831
1038,1,1,1,1,1,1,1,20131215,20140113
1039,1,1,1,1,1,1,1,20131115,20131214
1040,1,1,1,1,1,1,1,20131115,20131214
1041,1,1,1,1,1,1,1,20131215,20140831
1042,1,1,1,1,1,1,1,20131215,20131223
1043,1,1,1,1,1,0,1,20140116,20140124
1044,1,1,1,1,1,1,1,20140125,20140331
1045,1,0,0,1,1,0,1,20140403,20140414
1046,1,1,1,1,1,1,1,20140415,20140505
1047,1,0,0,1,1,0,1,20140508,20140526
1048,1,1,1,1,1,1,1,20140527,20140623
1049,1,0,0,1,1,0,1,20140626,20140707
1050,1,1,1,1,1,1,1,20140708,20140801
1051,1,0,0,1,1,0,1,20140803,20140831
1052,1,1,1,1,1,1,1,20131225,20140113
1053,1,1,1,1,1,0,1,20140116,20140124
1054,1,1,1,1,1,1,1,20140125,20140331
1055,1,0,0,1,1,0,1,20140403,20140414
1056,1,1,1,1,1,1,1,20140415,20140505
1057,1,0,0,1,1,0,1,20140508,20140526
1058,1,1,1,1,1,1,1,20140527,20140623
1059,1,0,0,1,1,0,1,20140626,20140707
1060,1,1,1,1,1,1,1,20140708,20140801
1061,1,0,0,1,1,0,1,20140803,20140831
1062,1,0,0,1,1,1,1,20140711,20141102
1063,1,0,0,1,1,1,1,20140711,20141102
1064,1,0,0,1,1,1,1,20140711,20141102
1065,1,0,0,1,1,1,1,20140711,20141102
1066,1,0,0,1,1,1,1,20140711,20141102
1067,1,0,0,1,1,1,1,20140711,20141102
1068,1,1,1,1,1,1,1,20140429,20140831
1069,1,1,1,1,1,1,1,20140430,20140831
1070,1,0,1,1,1,1,1,20140528,20140602
1071,1,0,1,1,1,1,1,20140528,20140602
1072,1,0,0,1,1,1,1,20140605,20140831
1073,1,0,0,1,1,1,1,20140605,20140831
1074,1,1,0,1,1,1,1,20140605,20141130
1075,1,0,1,1,1,1,1,20140604,20141130